"Jan" "Feb" "Mar" "Apr" "Mai" "Jun" "Jul" "Max_corr" "Month" "R_sig"
"103.1" 0.351746509156661 0.400602412123623 0.432061011414974 0.500847795307125 0.537415532224752 0.70951204129061 0.656920428914884 0.70951204129061 6 0.382616137913506
"103.40" 0.382616137913506 0.36525331436833 0.434099004526421 0.466304318116897 0.495621806107966 0.616989077572384 0.691243095995907 0.691243095995907 7 0.22621727456275
"104.23" 0.104117815718508 0.0132178877407181 0.084321631151481 0.241740982542191 0.449807218955938 0.365228992131821 0.269638914613671 0.449807218955938 5 0.382616137913506
"105.1" 0.179159389702411 0.223228669593552 0.17488588003636 0.563992142547562 0.503195336327135 0.386807307452873 0.423206154710745 0.563992142547562 4 0.22621727456275
"107.3" -0.417042856366882 -0.0103575610475182 0.0157079212069709 0.454573500718524 0.144231742121427 -0.237687007690894 0.136943264101491 0.454573500718524 4 0.382616137913506
"109.29" 0.223033325783556 0.236794760875443 0.232556990338377 0.297596386930641 0.319950765108793 0.493992114642869 0.514152220738009 0.514152220738009 7 0.22621727456275
"109.42" 0.0701054924105615 0.120240917053662 0.139801681323231 0.219492324082097 0.194926086616614 0.348731775326085 0.586969754711873 0.586969754711873 7 0.382616137913506
"109.9" -0.0234388072359585 -0.134022577174958 -0.086946717227411 -0.0113358859551673 0.0362521521800382 0.286392132141249 0.574410121422049 0.574410121422049 7 0.22621727456275
"112.8" -0.0131204456087333 -0.00271917564654262 -0.0160594271649745 0.0616780409439143 0.253681387306773 0.338913938093377 0.315255366328006 0.338913938093377 6 0.382616137913506
"12.150" 0.480864684140001 0.547315505990853 0.542324465623511 0.541752861068005 0.607201595422921 0.590991050212912 0.224440099841071 0.607201595422921 5 0.22621727456275
"12.171" 0.46254917709765 0.463203804211263 0.493465277749462 0.501239078553402 0.533031490629002 0.394685678204111 0.339991802349016 0.533031490629002 5 0.382616137913506
"12.178" 0.215861917253811 0.186803383248774 0.240289993826912 0.221957930822244 0.178870957061015 0.335904182868501 0.132569049510212 0.335904182868501 6 0.22621727456275
"12.192" -0.0570983452299508 0.216523338324791 0.246273483926871 0.259759801273882 0.430827597024213 0.208696023028863 0.254371759440952 0.430827597024213 5 0.382616137913506
"12.193" 0.311095947872851 0.368501468372811 0.430300296907011 0.381463175709113 0.334973798643549 0.269234968933379 0.127072951918763 0.430300296907011 3 0.22621727456275
"12.286" 0.548105446373593 0.625505284674445 0.699920335403187 0.701680528697901 0.811260046582981 0.351735595343879 0.471611610834963 0.811260046582981 5 0.382616137913506
"12.290" 0.214414512030305 0.22929617820021 0.3596821436904 0.320249548799384 0.31555933453916 0.451811177912548 0.422794576381202 0.451811177912548 6 0.22621727456275
"12.70" 0.352377735677807 0.334153220682095 0.368447932693513 0.412827106334091 0.500349594847947 0.715728538077129 0.290784105016785 0.715728538077129 6 0.382616137913506
"12.97" 0.177517022185076 0.170636732470339 0.278682269683674 0.290424764110538 0.324228809817922 0.447560594666602 0.217430422940896 0.447560594666602 6 0.22621727456275
"122.11" -0.0327411727978641 -0.114899766577442 -0.0609077615778105 0.0445907530887853 0.295331510771092 0.677363091719271 0.212894927737682 0.677363091719271 6 0.382616137913506
"122.17" 0.315138724093896 0.379954690961922 0.433069964212498 0.426268954703892 0.565502884927985 0.398451917506301 -0.202768335936726 0.565502884927985 5 0.22621727456275
"122.9" -0.0428977750926636 -0.0219407469512992 0.136404703053 0.22689537875216 0.460912831776347 0.531393634838695 0.158054666066802 0.531393634838695 6 0.382616137913506
"123.31" -0.02807551344451 0.0432115436728411 0.0129210427496435 0.0210351465915722 0.187495704575539 0.210026806438864 -0.125197369117535 0.210026806438864 6 0.22621727456275
"124.2" 0.113629074193827 0.25614931018571 0.193113302137075 0.268197052247338 0.563519658856247 0.393363592082271 -0.0145696210768414 0.563519658856247 5 0.382616137913506
"127.11" -0.0716204121421726 0.162340457364368 0.139294403763385 0.255999999854187 0.371288378942334 0.706337515428712 0.376229478605002 0.706337515428712 6 0.22621727456275
"127.13" 0.19452588979781 0.513887132018191 0.318428491952647 0.49960331084999 0.62932392692163 0.156426545043333 -0.204682639520541 0.62932392692163 5 0.382616137913506
"133.7" -0.0692846467372828 0.35652641735294 0.145311240741947 0.279010034490686 0.565928028866464 0.0204876611344716 0.173323574499226 0.565928028866464 5 0.22621727456275
"138.1" 0.0118579692482073 0.38579061212998 0.209525163933833 0.464826974579833 0.611804562394948 0.157367854112365 0.410082235659755 0.611804562394948 5 0.382616137913506
"139.15" 0.115437651643137 0.131678708730258 0.226700279358569 0.308577340426518 0.267064947151351 0.378146272121582 0.524644804951769 0.524644804951769 7 0.22621727456275
"139.35" 0.303474912237223 0.323214983691513 0.412839871460591 0.472856509109498 0.503855009289912 0.725096107180519 0.346578832810443 0.725096107180519 6 0.382616137913506
"148.2" -0.359701509191671 0.0630380234058749 0.260004467407695 0.439211489510767 0.495308585200579 0.622243379601458 0.429586702231845 0.622243379601458 6 0.22621727456275
"15.21" 0.0754450251475261 0.156613674762696 0.247963267908975 0.271714682551529 0.396426130016298 0.242592507481985 0.0734407664635491 0.396426130016298 5 0.382616137913506
"15.49" 0.330056647524968 0.409164903697661 0.445176523962467 0.44553767287351 0.415669689536377 0.601485139073238 0.315661299776752 0.601485139073238 6 0.22621727456275
"15.53" 0.353580605550044 0.277010431209291 0.315391406021774 0.330654046204491 0.360729204240371 0.544532204602766 0.124266995919292 0.544532204602766 6 0.382616137913506
"15.79" 0.253786217882207 0.288961902467958 0.365305201861793 0.343837912594757 0.30873783089946 0.674911943718426 0.741251090568237 0.741251090568237 7 0.22621727456275
"151.15" 0.219255169720843 0.274234655156808 0.272104879394004 0.387111001003536 0.443211382967698 0.695583720916693 0.740891558393034 0.740891558393034 7 0.382616137913506
"152.4" -0.262509419248304 -0.0545865398509477 0.181980700512315 0.257435042416502 0.315778513628057 0.589057516472838 0.641346267270085 0.641346267270085 7 0.22621727456275
"156.10" 0.107928855712258 0.154362099508036 0.155584089375466 0.147010299022367 0.1767191312416 0.155137289935141 0.0365745922898435 0.1767191312416 5 0.382616137913506
"157.3" -0.139457569945223 -0.134606537330218 -0.0984412710678851 0.14743775454671 0.155352960328235 0.338589471180513 0.205382122009151 0.338589471180513 6 0.22621727456275
"16.122" 0.219202054977959 0.241804884148262 0.166671180201624 0.171554203166018 0.170523928755524 0.468011942674307 0.323022031309897 0.468011942674307 6 0.382616137913506
"16.193" 0.0950960804192958 0.0977326882615813 0.188310686788 0.0876114240942143 0.0887134014052885 0.00968800249765863 0.128943965395729 0.188310686788 3 0.22621727456275
"16.66" 0.201268073530278 0.127612359860406 0.153391979866845 0.154162254200655 0.241234227860889 0.482448599586669 0.253353026979303 0.482448599586669 6 0.382616137913506
"16.75" 0.291762636856926 0.204842824479479 0.218778237722947 0.320797744464677 0.447745092005827 0.710518953703438 0.362531504264154 0.710518953703438 6 0.22621727456275
"161.7" 0.328290163093028 0.415851545643834 0.43448461843475 0.505316339355472 0.474284841204375 0.578499592035225 0.716374804088315 0.716374804088315 7 0.382616137913506
"162.3" 0.0110828641587608 0.0795247805626049 0.0648482306920892 0.114588818978004 0.182262985524292 0.662354609023258 0.303796583896932 0.662354609023258 6 0.22621727456275
"163.5" 0.14280765971523 0.191345294497074 0.208878993583882 0.294299184214438 0.280542602992803 0.37629626415449 0.32286377210617 0.37629626415449 6 0.382616137913506
"165.6" -0.181408988983569 -0.229056848023542 -0.157149353214594 0.0988641210905522 0.110193535301628 -0.13749537702409 -0.162769103194963 0.110193535301628 5 0.22621727456275
"173.8" 0.163676025284074 0.167641999027838 0.26955169560844 0.322850452541039 0.281162039872181 0.310698070236009 0.725450889097815 0.725450889097815 7 0.382616137913506
"174.3" 0.223535992803598 0.316336553760772 0.326020448403846 0.436538106122745 0.43574714256623 0.55068327155687 0.428893702343451 0.55068327155687 6 0.22621727456275
"177.4" -0.0871472118495042 0.0248511337191436 0.13505258227354 0.195582892374072 0.285237374183491 0.37176941845555 -0.00284290447046886 0.37176941845555 6 0.382616137913506
"18.10" 0.0541257314200599 0.355236300616045 0.14378150311966 0.148887704591921 0.1630801626506 -0.206518048494612 -0.136842741030196 0.355236300616045 2 0.22621727456275
"191.2" 0.0822344948569829 0.218469674552055 0.253969416929304 0.418278106762073 0.536534218221848 0.583083279349655 0.661931334229974 0.661931334229974 7 0.382616137913506
"196.35" 0.214171530789166 0.271449962109587 0.291150001681179 0.380533319931599 0.438926776236522 0.42148775304265 0.510781028440999 0.510781028440999 7 0.22621727456275
"2.11" 0.0444853308533214 0.128658689871073 0.178086740530417 0.243824977162715 0.437866777630373 0.729673062512751 0.258695633287055 0.729673062512751 6 0.382616137913506
"2.142" 0.412208111008494 0.410517210604194 0.410821786197005 0.428475200209046 0.644113608028179 0.108912438874453 0.198298405900688 0.644113608028179 5 0.22621727456275
"2.145" -0.06198960417401 -0.0538693619106823 0.0707198450366479 0.124707284638016 0.0413373333442002 0.367079519184688 0.691542877367006 0.691542877367006 7 0.382616137913506
"2.265" 0.0567048945828812 0.11425966845666 0.153098189372732 0.266459815344216 0.395147848508903 0.580704546894922 0.172887857137822 0.580704546894922 6 0.22621727456275
"2.268" -0.077664430343042 -0.0672144063381676 -0.00622524311444578 0.0558071407095116 -0.0754207534577178 0.144249262685301 0.391698328317731 0.391698328317731 7 0.382616137913506
"2.279" 0.257081277494201 0.385894809979989 0.36642903528291 0.430323006879351 0.606495635108962 0.365063273999511 0.277254678791135 0.606495635108962 5 0.22621727456275
"2.28" 0.306269125840511 0.228777169697705 0.274593514070369 0.32555234823505 0.377710708726154 0.458754338422118 0.039908394982133 0.458754338422118 6 0.382616137913506
"2.291" 0.290361158211644 0.248892375445689 0.287357259424314 0.319290300801418 0.326819588668538 0.38209633232407 0.580625297051368 0.580625297051368 7 0.22621727456275
"2.32" -0.0294475493227808 -0.12620022725335 -0.0905856907855503 -0.0100052767670922 0.0753377422011184 0.503608054624719 0.260287620827072 0.503608054624719 6 0.382616137913506
"2.323" 0.00576347820815053 -0.0135936927539554 -0.0382278781936862 -9.98804549484624e-05 0.152370866730913 -0.0251534450805461 0.0499605058568581 0.152370866730913 5 0.22621727456275
"2.604" 0.12315967446536 0.088856779281875 0.15426562245246 0.252905517629785 0.379152535540094 0.770054220799077 0.197912494481857 0.770054220799077 6 0.382616137913506
"2.614" -0.0177060181002977 -0.0912900351938885 -0.021173260124558 0.0304734521413784 0.0842949725866194 0.383626605192079 0.638681526168165 0.638681526168165 7 0.22621727456275
"2.633" 0.0900039395711046 0.386926608955468 0.569769109463171 0.623629255050736 0.0723774291345379 0.060809502440638 0.531332454575808 0.623629255050736 4 0.382616137913506
"20.2" 0.196302744269194 0.354979181904938 0.335553534990783 0.446740936995665 0.604991558210898 0.464001689550654 0.236859142650876 0.604991558210898 5 0.22621727456275
"200.4" -0.0799104864571506 0.0427569722611131 0.128218470080973 0.187087708051263 0.340224937519263 0.497753739830806 0.469610887621751 0.497753739830806 6 0.382616137913506
"203.2" 0.0211391922387403 0.239846719074033 0.259750759393219 0.371568865961244 0.412648673069869 0.580717686998128 0.185839292108622 0.580717686998128 6 0.22621727456275
"206.3" 0.195942862011016 0.269782697532946 0.383700062254355 0.347119120017482 0.331600047178881 0.396738423390769 0.750973739780137 0.750973739780137 7 0.382616137913506
"208.3" 0.233909966403941 0.218213453213451 0.12569934615573 0.192135113992236 0.386819576510735 0.604376503154487 0.77919104897468 0.77919104897468 7 0.22621727456275
"21.47" -0.235412790755464 -0.152220140986777 -0.073737426426397 -0.0273755296757701 -0.0160312207417181 0.353497763957483 0.0922486088963571 0.353497763957483 6 0.382616137913506
"212.10" 0.130276859022863 0.109795838921186 0.0505546619650874 0.0628160304627326 0.330878779539522 0.745162173099324 0.498108505561241 0.745162173099324 6 0.22621727456275
"212.49" 0.0799488965545529 0.0621302009664704 0.0687816407674056 0.0634717052132414 0.189579500158425 0.469905083602332 0.774604164888178 0.774604164888178 7 0.382616137913506
"22.22" -0.102908742783967 0.428152709784943 0.163331992852965 0.200601199041103 0.1172546733848 -0.0486637088662754 0.112517507157216 0.428152709784943 2 0.22621727456275
"22.4" 0.0255654879000904 0.276116262514863 0.275333459924367 0.201913273917443 0.27816268428394 0.303847085225848 0.291416046963398 0.303847085225848 6 0.382616137913506
"223.2" 0.201824440204337 0.249896589777574 0.270768378794722 0.383866315967354 0.559119495824601 0.735043274334364 0.778187943720758 0.778187943720758 7 0.22621727456275
"230.1" -0.0575101918145774 -0.122812927607217 -0.0306551782909416 0.0366256555055714 0.220881986800226 0.688761650930898 0.462510660851354 0.688761650930898 6 0.382616137913506
"234.13" 0.232483725500242 0.250744938998143 0.304778777154115 0.317489978277667 0.544305154535504 0.879195221713282 0.494007332470342 0.879195221713282 6 0.22621727456275
"234.18" -0.0159559158795515 -0.0349392940237934 0.0401225078055058 0.0496012308163022 0.325392080176582 0.832362869112689 0.611977977165864 0.832362869112689 6 0.382616137913506
"24.8" 0.134675336505412 0.529172589992552 0.0813697006162243 0.356181124960572 0.33555820378553 0.226069877086776 0.0322632109276488 0.529172589992552 2 0.22621727456275
"24.9" 0.055271578288656 0.181751788298517 0.320474629842826 0.389902281248419 0.627841770608403 0.364730528454611 0.310740083076791 0.627841770608403 5 0.382616137913506
"247.3" 0.117367603332456 0.120161130816796 0.166418407883314 0.224836272667676 0.418246767875096 0.858003256985182 0.519172166097156 0.858003256985182 6 0.22621727456275
"25.24" -0.00565880772513537 0.0719682220825454 0.0979825368951253 0.0778331889462052 0.140277639137968 0.485516187747333 0.464597923346917 0.485516187747333 6 0.382616137913506
"26.20" 0.00571436206208591 0.129283968914906 -0.0610151309585977 0.235005328403203 0.366453841191921 0.00915043818025494 0.379078388840325 0.379078388840325 7 0.22621727456275
"26.26" -0.0218369083071499 -0.00460242354994641 0.0362516221924261 0.00214829706155148 0.00721324436883771 0.178262557569042 0.104875967055001 0.178262557569042 6 0.382616137913506
"26.29" -0.14862524776999 -0.0544228309843276 -0.124788770194921 -0.013857224441361 -0.139408491125308 -0.0790970300246059 0.128598228217298 0.128598228217298 7 0.22621727456275
"27.24" 0.129397822338678 0.3700940264421 0.0891499740079555 0.117265580529074 0.361460568806582 0.307869109083848 0.0286544674755983 0.3700940264421 2 0.382616137913506
"28.7" -0.0329618144199989 -0.124356352095563 0.18987542720593 0.0315840898515249 0.228932567136197 0.0283741275918807 0.227802490653867 0.228932567136197 5 0.22621727456275
"3.22" 0.0897146817056507 0.571530568717218 0.588041887401133 0.554569716804572 0.305769742573697 0.11622876329598 0.343510199783976 0.588041887401133 3 0.382616137913506
"311.460" 0.278173797188456 0.284644356446247 0.366668728318504 0.452960594897046 0.560004190789626 0.823984031859178 0.537236722550457 0.823984031859178 6 0.22621727456275
"311.6" 0.257348760645179 0.274833998400355 0.309866731394629 0.43204938241872 0.557312581270012 0.827068174677305 0.43460868122152 0.827068174677305 6 0.382616137913506
"313.10" 0.322208380558928 0.50265206559435 0.637409143720354 0.695810797582579 0.782538876202298 0.209644192270105 0.685879459186886 0.782538876202298 5 0.22621727456275
"42.2" -0.197144653735327 -0.0402149014688836 -0.0901923098852145 -0.088737714675661 0.0467533583519145 0.0259731662603073 0.0224703346022601 0.0467533583519145 5 0.382616137913506
"48.1" 0.0582865867927112 0.228179551909163 0.314433248596289 0.334142143950011 0.304231039257012 0.464950729482506 0.392067299427357 0.464950729482506 6 0.22621727456275
"48.5" 0.126320309363874 0.254875437197023 0.323402070626699 0.334560798573966 0.343046726784216 0.520906821677377 0.627678789110818 0.627678789110818 7 0.382616137913506
"50.1" 0.421815459466103 0.495388079147051 0.498573277142974 0.509942388658384 0.520470548296348 0.584386801536799 0.693161456351843 0.693161456351843 7 0.22621727456275
"55.4" -0.251364245330263 -0.222419660351377 -0.0908553647596785 -0.313535818870824 -0.09256772198414 -0.158595568969054 -0.271400552488956 -0.0908553647596785 3 0.382616137913506
"6.10" 0.0570656294143362 0.269597798869002 0.373963988874313 0.596909086084896 0.707220267903659 0.157320607925311 0.256398278527377 0.707220267903659 5 0.22621727456275
"62.10" 0.173053216110048 0.188687125062621 0.219034448134238 0.251181195733848 0.31652299914089 0.435685121245273 0.563965299727754 0.563965299727754 7 0.382616137913506
"62.5" 0.10187058882004 0.209758481590372 0.381489932383569 0.476929912633893 0.441661394028371 0.671990720940744 0.708369937754044 0.708369937754044 7 0.22621727456275
"72.5" 0.432616326605626 0.349953856031205 0.426460694887095 0.413267446629977 0.399890782821529 0.471718373044865 0.558022390910949 0.558022390910949 7 0.382616137913506
"73.27" 0.114343117679037 0.0205445933559865 0.0655130785454462 0.161149774357846 0.109526646206561 0.39580696816201 0.459285777833194 0.459285777833194 7 0.22621727456275
"75.23" 0.20190420636167 0.307089989106331 0.291875167977634 0.399116529987288 0.452478318002874 0.517949713842635 0.526398933956296 0.526398933956296 7 0.382616137913506
"76.5" -0.198469144697394 -0.138823889312084 -0.191831554655036 -0.0674362052435424 -0.0565433301655865 -0.0459361950255465 0.10628519923457 0.10628519923457 7 0.22621727456275
"77.3" -0.0375962363461013 0.0408475263730738 0.0777571350152513 0.157588774772567 0.0980937296927998 0.265006063798454 0.321880186305213 0.321880186305213 7 0.382616137913506
"78.8" -0.143235038632598 -0.124535375662988 -0.155189571753124 -0.07580782216056 -0.0297998032205367 0.0121356257787971 0.129528729976033 0.129528729976033 7 0.22621727456275
"79.3" 0.0504057508849004 0.122975773994242 0.227830584377912 0.235886076570348 0.319807302527337 0.613948357039441 0.621540075782942 0.621540075782942 7 0.382616137913506
"8.2" -0.0709983736822634 0.0112394170270872 0.0843275862565728 0.0526743935389151 0.255697028895799 0.140170992247368 0.333335411346929 0.333335411346929 7 0.22621727456275
"8.6" -0.156144402340933 0.00723511157066473 0.134804291449235 0.191819285685625 0.138763899627361 0.00764427753057053 0.172820074940797 0.191819285685625 4 0.382616137913506
"82.4" -0.475588384620014 -0.0574615946573214 0.10075589817649 0.328720508514624 0.0204701140647981 0.0692648059056186 0.0886544614577773 0.328720508514624 4 0.22621727456275
"83.2" 0.216293087124991 0.468064009941333 0.516920050972742 0.609876793587964 0.626066752620298 0.673853963080967 0.773576805947896 0.773576805947896 7 0.382616137913506
"84.11" -0.300832466723977 0.0544248383988278 0.233089498995983 0.294141416270523 0.132769557833498 0.129804700564147 0.292346838828883 0.294141416270523 4 0.22621727456275
"86.12" -0.0143155032818598 0.251323681745449 0.217231344134281 0.211771777612879 0.169129761865981 0.138654365100156 0.0614114842382987 0.251323681745449 2 0.382616137913506
"87.10" 0.0708409473672787 0.175265415318582 0.199589044326986 0.33971822423883 0.381790374108698 0.355108045701943 0.341303315133351 0.381790374108698 5 0.22621727456275
"88.4" 0.0113245005578568 0.0533371123126092 0.00131423586338009 0.0593791544560107 0.121932554023509 0.131878746998445 0.244026377395035 0.244026377395035 7 0.382616137913506
"91.2" -0.157734248847465 0.19017716608697 0.0998903803450671 0.165763407851193 0.40425162343205 -0.533081096408264 0.128283887276339 0.40425162343205 5 0.22621727456275
"97.1" -0.0304291642516027 0.100114522076309 0.0804299238539983 0.346100290027884 0.496499935452487 0.302184588570782 0.284724620100303 0.496499935452487 5 0.382616137913506
"98.4" 0.0463869381189261 0.284796368177367 0.344065064673424 0.516211215458554 0.55906652875084 0.588046411323972 0.63665744778921 0.63665744778921 7 0.22621727456275
