"Jan" "Feb" "Mar" "Apr" "Mai" "Jun" "Jul" "Max_csi" "Month"
"103.1" 0.393939393939394 0.428571428571429 0.516129032258065 0.516129032258065 0.5 0.5 0.125 0.516129032258065 3
"103.40" 0.305555555555556 0.428571428571429 0.5 0.457142857142857 0.444444444444444 0.451612903225806 0.2 0.5 3
"104.23" 0 0.166666666666667 0 0.166666666666667 0.4 0 0 0.4 5
"105.1" 0 0.0666666666666667 0.0769230769230769 0.272727272727273 0.125 -1 -1 0.272727272727273 4
"107.3" 0 0 0 0.5 0 0 0 0.5 4
"109.29" 0.315789473684211 0.2 0.263157894736842 0.238095238095238 0.238095238095238 0.2 0.25 0.315789473684211 1
"109.42" 0.333333333333333 0.371428571428571 0.382352941176471 0.333333333333333 0.416666666666667 0.24 0.142857142857143 0.416666666666667 5
"109.9" 0.441860465116279 0.361702127659574 0.4 0.355555555555556 0.431818181818182 0.28125 0 0.441860465116279 1
"112.8" 0.111111111111111 0.15 0.117647058823529 0.142857142857143 0.3 0.222222222222222 0 0.3 5
"12.150" 0.419354838709677 0.466666666666667 0.5 0.444444444444444 0.482758620689655 0.285714285714286 -1 0.5 3
"12.171" 0.5 0.586206896551724 0.5 0.516129032258065 0.555555555555556 0 0 0.586206896551724 2
"12.178" 0.157894736842105 0.217391304347826 0.333333333333333 0.227272727272727 0.25 0 0 0.333333333333333 3
"12.192" 0 0 0 0 0.125 0 0 0.125 5
"12.193" 0.230769230769231 0.363636363636364 0.384615384615385 0.384615384615385 0.555555555555556 0 0 0.555555555555556 5
"12.286" 0.1875 0.421052631578947 0.444444444444444 0.476190476190476 0.5 -1 -1 0.5 5
"12.290" 0.210526315789474 0.363636363636364 0.428571428571429 0.545454545454545 0.409090909090909 0.266666666666667 0.111111111111111 0.545454545454545 4
"12.70" 0.375 0.371428571428571 0.441176470588235 0.428571428571429 0.483870967741935 0.5 -1 0.5 6
"12.97" 0.181818181818182 0.291666666666667 0.307692307692308 0.307692307692308 0.4 0.444444444444444 0 0.444444444444444 6
"122.11" 0.208333333333333 0.153846153846154 0.193548387096774 0.214285714285714 0.266666666666667 0.555555555555556 -1 0.555555555555556 6
"122.17" 0.210526315789474 0.210526315789474 0.285714285714286 0.304347826086957 0.5 0.142857142857143 0 0.5 5
"122.9" 0.185185185185185 0.142857142857143 0.344827586206897 0.285714285714286 0.375 0.363636363636364 0 0.375 5
"123.31" 0.222222222222222 0.133333333333333 0.2 0.166666666666667 0.285714285714286 0.0833333333333333 0 0.285714285714286 5
"124.2" 0.136363636363636 0.166666666666667 0.166666666666667 0.1 0.166666666666667 0 -1 0.166666666666667 2
"127.11" 0.161290322580645 0.230769230769231 0.269230769230769 0.391304347826087 0.4 0.4 -1 0.4 5
"127.13" 0.19047619047619 0.294117647058824 0.1875 0.272727272727273 0.272727272727273 -1 -1 0.294117647058824 2
"133.7" 0 0.0833333333333333 0 0 0 -1 -1 0.0833333333333333 2
"138.1" 0.0625 0.0769230769230769 0 0 0 -1 -1 0.0769230769230769 2
"139.15" 0.0625 0.0588235294117647 0.0666666666666667 0.117647058823529 0.1875 0.0714285714285714 0 0.1875 5
"139.35" 0.686274509803922 0.551020408163265 0.581395348837209 0.58695652173913 0.555555555555556 0.523809523809524 0 0.686274509803922 1
"148.2" 0 0.153846153846154 0.125 0 0 1 -1 1 6
"15.21" 0.0526315789473684 0.0555555555555556 0.210526315789474 0.227272727272727 0.181818181818182 0 0 0.227272727272727 4
"15.49" 0.407407407407407 0.470588235294118 0.457142857142857 0.457142857142857 0.46875 0.5 0 0.5 6
"15.53" 0.472222222222222 0.487179487179487 0.540540540540541 0.5 0.516129032258065 0.25 0 0.540540540540541 3
"15.79" 0.476190476190476 0.418604651162791 0.513513513513513 0.526315789473684 0.564102564102564 0.575757575757576 0.5 0.575757575757576 6
"151.15" 0.333333333333333 0.333333333333333 0.290322580645161 0.375 0.387096774193548 0.565217391304348 0 0.565217391304348 6
"152.4" 0.121212121212121 0.148148148148148 0.125 0.130434782608696 0.291666666666667 0.133333333333333 0 0.291666666666667 5
"156.10" 0 0 0 0 0 0 0 0 1
"157.3" 0 0 0 0 0 0 0 0 1
"16.122" 0.416666666666667 0.296296296296296 0.32 0.285714285714286 0.217391304347826 0.333333333333333 0 0.416666666666667 1
"16.193" 0 0 0.0909090909090909 0.0833333333333333 0.0666666666666667 0 0 0.0909090909090909 3
"16.66" 0.371428571428571 0.361111111111111 0.314285714285714 0.305555555555556 0.342857142857143 0.2 0 0.371428571428571 1
"16.75" 0.425 0.45 0.390243902439024 0.447368421052632 0.444444444444444 0.272727272727273 -1 0.45 2
"161.7" 0.3 0.3 0.35 0.428571428571429 0.523809523809524 0.411764705882353 0.142857142857143 0.523809523809524 5
"162.3" 0.217391304347826 0.238095238095238 0.217391304347826 0.25 0.24 0.2 -1 0.25 4
"163.5" 0.388888888888889 0.375 0.472222222222222 0.514285714285714 0.514285714285714 0.454545454545455 0 0.514285714285714 4
"165.6" 0 0 0 0 0 -1 -1 0 1
"173.8" 0.380952380952381 0.363636363636364 0.523809523809524 0.434782608695652 0.434782608695652 0.391304347826087 0.333333333333333 0.523809523809524 3
"174.3" 0.235294117647059 0.4375 0.388888888888889 0.45 0.588235294117647 0.363636363636364 0 0.588235294117647 5
"177.4" 0 0 0 0 0 0 0 0 1
"18.10" 0 0 0 0 0 0 0 0 1
"191.2" 0 0.0526315789473684 0.117647058823529 0.235294117647059 0.2 0.357142857142857 0 0.357142857142857 6
"196.35" 0.527777777777778 0.583333333333333 0.578947368421053 0.571428571428571 0.6875 0.483870967741935 0.166666666666667 0.6875 5
"2.11" 0.130434782608696 0.136363636363636 0.166666666666667 0.2 0.32 0.5 -1 0.5 6
"2.142" 0.321428571428571 0.357142857142857 0.444444444444444 0.451612903225806 0.56 0 -1 0.56 5
"2.145" 0.236842105263158 0.230769230769231 0.289473684210526 0.277777777777778 0.289473684210526 0.333333333333333 0 0.333333333333333 6
"2.265" 0.222222222222222 0.206896551724138 0.4 0.444444444444444 0.392857142857143 0.222222222222222 -1 0.444444444444444 4
"2.268" 0.30952380952381 0.315789473684211 0.317073170731707 0.341463414634146 0.307692307692308 0.323529411764706 0.214285714285714 0.341463414634146 4
"2.279" 0.176470588235294 0.375 0.294117647058824 0.363636363636364 0.3 -1 -1 0.375 2
"2.28" 0.217391304347826 0.25 0.375 0.36 0.275862068965517 0.5 -1 0.5 6
"2.291" 0.264705882352941 0.34375 0.371428571428571 0.387096774193548 0.419354838709677 0.4 0.368421052631579 0.419354838709677 5
"2.32" 0.125 0.0833333333333333 0.166666666666667 0.16 0.148148148148148 0.272727272727273 0 0.272727272727273 6
"2.323" 0.571428571428571 0.416666666666667 0.416666666666667 0.432432432432432 0.4 0 0 0.571428571428571 1
"2.604" 0.307692307692308 0.266666666666667 0.28125 0.40625 0.4 0.285714285714286 0 0.40625 4
"2.614" 0.25 0.195121951219512 0.2 0.210526315789474 0.27027027027027 0.181818181818182 0 0.27027027027027 5
"2.633" 0 0 0 0.333333333333333 0 0 0 0.333333333333333 4
"20.2" 0 0.153846153846154 0.133333333333333 0.157894736842105 0.333333333333333 0 -1 0.333333333333333 5
"200.4" 0.0909090909090909 0.166666666666667 0.25 0.263157894736842 0.294117647058824 0.25 0 0.294117647058824 5
"203.2" 0.361111111111111 0.411764705882353 0.361111111111111 0.441176470588235 0.375 0.36 0.25 0.441176470588235 4
"206.3" 0.2 0.263157894736842 0.210526315789474 0.294117647058824 0.25 0.222222222222222 0.333333333333333 0.333333333333333 7
"208.3" 0.36 0.458333333333333 0.461538461538462 0.4 0.521739130434783 0.375 0 0.521739130434783 5
"21.47" 0.178571428571429 0.225806451612903 0.266666666666667 0.379310344827586 0.354838709677419 0.235294117647059 0 0.379310344827586 4
"212.10" 0.34375 0.354838709677419 0.285714285714286 0.297297297297297 0.387096774193548 0.611111111111111 -1 0.611111111111111 6
"212.49" 0.387096774193548 0.419354838709677 0.4 0.411764705882353 0.40625 0.48 0.333333333333333 0.48 6
"22.22" 0 0.25 0 0 0 0 0 0.25 2
"22.4" 0 0 0 0 0 0 0 0 1
"223.2" 0.390243902439024 0.390243902439024 0.461538461538462 0.5 0.529411764705882 0.583333333333333 -1 0.583333333333333 6
"230.1" 0.206896551724138 0.151515151515152 0.176470588235294 0.264705882352941 0.303030303030303 0.5 -1 0.5 6
"234.13" 0.291666666666667 0.291666666666667 0.291666666666667 0.32 0.434782608695652 0.454545454545455 0 0.454545454545455 6
"234.18" 0.241379310344828 0.285714285714286 0.333333333333333 0.357142857142857 0.416666666666667 0.6 -1 0.6 6
"24.8" 0 0.5 0 0 0 0 0 0.5 2
"24.9" 0 0 0 0 0 0 0 0 1
"247.3" 0.418604651162791 0.386363636363636 0.526315789473684 0.487179487179487 0.5 0.636363636363636 -1 0.636363636363636 6
"25.24" 0.153846153846154 0.2 0.241379310344828 0.310344827586207 0.333333333333333 0.272727272727273 0 0.333333333333333 5
"26.20" 0 0 0 -1 -1 -1 -1 0 1
"26.26" 0.130434782608696 0.107142857142857 0.142857142857143 0.148148148148148 0.111111111111111 0.0666666666666667 -1 0.148148148148148 4
"26.29" 0 -1 -1 -1 -1 -1 -1 0 1
"27.24" 0 0 0 -1 -1 -1 -1 0 1
"28.7" 0.166666666666667 0 0 0 0 0 0 0.166666666666667 1
"3.22" 0 0 0 0 -1 -1 -1 0 1
"311.460" 0.392857142857143 0.4 0.433333333333333 0.538461538461538 0.428571428571429 0.6 -1 0.6 6
"311.6" 0.333333333333333 0.34375 0.454545454545455 0.53125 0.5 0.5 -1 0.53125 4
"313.10" 0.2 0.3 0.4 0.391304347826087 0.538461538461538 0 -1 0.538461538461538 5
"42.2" 0 0 0 0 0 0 0 0 1
"48.1" 0 0 0 0 0 0 0 0 1
"48.5" 0.0714285714285714 0.222222222222222 0.25 0.344827586206897 0.285714285714286 0.272727272727273 0.230769230769231 0.344827586206897 4
"50.1" 0.405405405405405 0.394736842105263 0.388888888888889 0.5 0.5 0.516129032258065 0.214285714285714 0.516129032258065 6
"55.4" 0 0 0 0 0 0 0 0 1
"6.10" 0.0833333333333333 0.227272727272727 0.238095238095238 0.4 0.454545454545455 -1 -1 0.454545454545455 5
"62.10" 0 0.0666666666666667 0.0625 0.0526315789473684 0.0555555555555556 0.0769230769230769 0 0.0769230769230769 6
"62.5" 0.0869565217391304 0.125 0.16 0.230769230769231 0.269230769230769 0.333333333333333 0.5 0.5 7
"72.5" 0.5 0.578947368421053 0.648648648648649 0.621621621621622 0.621621621621622 0.588235294117647 0.384615384615385 0.648648648648649 3
"73.27" 0.37037037037037 0.321428571428571 0.285714285714286 0.333333333333333 0.384615384615385 0.454545454545455 0 0.454545454545455 6
"75.23" 0.574468085106383 0.604651162790698 0.634146341463415 0.651162790697674 0.651162790697674 0.548387096774194 0.375 0.651162790697674 4
"76.5" 0 0 0 0 0 0.0666666666666667 0.166666666666667 0.166666666666667 7
"77.3" 0 0 0 0 0 0 0 0 1
"78.8" 0.0384615384615385 0.115384615384615 0.133333333333333 0.1875 0.2 0.15625 0.16 0.2 5
"79.3" 0 0 0 0 0.111111111111111 0.25 0 0.25 6
"8.2" 0 0 0 0 0 0 0 0 1
"8.6" 0 0 0 0 0 0 0 0 1
"82.4" 0 0 0 0 0 0 0 0 1
"83.2" 0 0.176470588235294 0.0588235294117647 0.1875 0.176470588235294 0.214285714285714 0 0.214285714285714 6
"84.11" 0 0 0 -1 -1 -1 -1 0 1
"86.12" 0 0 0 0 0 0 -1 0 1
"87.10" 0 0 0 0 0 0 0 0 1
"88.4" 0 0.125 0.12 0.192307692307692 0.16 0.16 0.19047619047619 0.192307692307692 4
"91.2" 0 0 0 -1 -1 -1 -1 0 1
"97.1" 0 0 0 0 0 0 0 0 1
"98.4" 0 0 0 0 0.25 0.142857142857143 0 0.25 5
